Priv Key 1: 5c6513dad624714dfea2c5c16f77e75e4569cab12e1f79be1e992133480b3afc
Pub Key 1: 03ad197e2ab531d1a91caefda8b32bad08d7c9a04b4aa780c4f7d5623dc15df703
pkHash 1: 148,186,232,171,102,217,209,175,72,82,116,26,131,79,8,31,242,40,2,76,49,81,127,68,249,178,92,80,9,64,30,230
Addr1: 834f081ff228024c31517f44f9b25c5009401ee6

Priv Key 2: e5d025458c668fedfeafa3722250455065dfd764af94e5a4d057fae7db557761
Pub Key 2: 028cae7d377febc7c62963ea0998e02c01e5406764d678628dd0aecfe4c3cf56d7
pkHash 2: 118,97,121,143,59,171,209,61,111,79,144,69,32,202,81,26,183,183,242,186,143,77,137,179,111,199,36,0,43,25,71,208
Addr2: 20ca511ab7b7f2ba8f4d89b36fc724002b1947d0

Priv Key 3: 01561e25d6c956f3b55f20f74bd9e464246b785450c47156b4bc26cd4161de43
Pub Key 3: 02bc1bda07bc538f02bc38e64994de3ffc9dc08027907f81e1b42bd8d12dd1fb35
pkHash 3: 117,4,9,227,187,58,227,10,77,211,175,188,2,92,122,187,146,71,82,144,2,176,136,9,207,45,154,56,16,158,181,31
Addr3: 025c7abb9247529002b08809cf2d9a38109eb51f


